기간	구분	행정구역면적(㎡)	공원면적(㎡)	공원면적(㎡)	조성면적(㎡)	미조성면적(㎡)
기간	구분	행정구역면적(㎡)	합계	공원율(%)	조성면적(㎡)	미조성면적(㎡)
2010	합계	605,251,484	169,792,302	28.05	144,759,519	25,032,783
2010	종로구	23,907,423	10,900,949	45.6	10,802,910	98,039
2010	중구	9,959,933	3,125,323	31.38	3,084,747	40,576
2010	용산구	21,867,354	1,350,163	6.17	1,197,445	152,718
2010	성동구	16,848,684	2,869,532	17.03	2,815,413	54,119
2010	광진구	17,062,040	3,396,085	19.9	3,356,316	39,769
2010	동대문구	14,200,631	1,237,813	8.72	1,116,125	121,688
2010	중랑구	18,497,619	5,206,879	28.15	5,096,413	110,466
2010	성북구	24,564,862	8,163,714	33.23	7,919,436	244,279
2010	강북구	23,612,464	14,336,403	60.72	14,193,561	142,842
2010	도봉구	20,701,775	10,500,330	50.72	10,460,518	39,812
2010	노원구	35,436,378	14,125,799	39.86	13,639,305	486,495
2010	은평구	29,693,429	15,855,632	53.4	12,302,859	3,552,773
2010	서대문구	17,604,644	5,569,794	31.64	5,431,034	138,760
2010	마포구	23,878,863	5,082,176	21.28	4,699,473	382,703
2010	양천구	17,404,771	2,865,537	16.46	1,838,764	1,026,773
2010	강서구	41,426,778	4,004,108	9.67	2,950,311	1,053,797
2010	구로구	20,120,845	3,169,940	15.75	1,071,374	2,098,566
2010	금천구	13,000,338	2,189,460	16.84	2,175,172	14,288
2010	영등포구	24,565,689	2,184,367	8.89	2,058,431	125,936
2010	동작구	16,348,781	4,565,309	27.92	4,496,890	68,419
2010	관악구	29,568,333	10,964,935	37.08	10,867,520	97,415
2010	서초구	47,003,193	15,822,490	33.66	4,632,457	11,190,033
2010	강남구	39,514,482	5,671,726	14.35	2,416,541	3,255,185
2010	송파구	33,877,674	4,685,813	13.83	4,516,512	169,301
2010	강동구	24,584,502	2,815,222	11.45	2,487,191	328,031
2010	서울대공원	-	9,132,803	-	9,132,803	-
2011	합계	605,207,639	170,002,535	28.09	144,920,657	25,081,878
2011	종로구	23,907,066	10,898,612	45.59	10,787,957	110,655
2011	중구	9,960,980	3,129,681	31.42	3,085,978	43,703
2011	용산구	21,867,848	1,352,723	6.19	1,215,005	137,718
2011	성동구	16,849,230	2,955,224	17.54	2,809,522	145,703
2011	광진구	17,063,205	3,395,585	19.9	3,355,816	39,769
2011	동대문구	14,202,512	1,237,089	8.71	1,119,315	117,774
2011	중랑구	18,497,283	5,242,896	28.34	5,096,216	146,680
2011	성북구	24,566,950	8,166,745	33.24	7,922,654	244,091
2011	강북구	23,595,514	14,338,750	60.77	14,198,406	140,344
2011	도봉구	20,701,742	10,505,131	50.75	10,465,320	39,812
2011	노원구	35,435,559	14,125,799	39.86	13,639,305	486,495
2011	은평구	29,694,750	15,855,632	53.4	12,302,859	3,552,773
2011	서대문구	17,604,570	5,579,538	31.69	5,434,306	145,232
2011	마포구	23,841,119	5,082,176	21.32	4,699,473	382,703
2011	양천구	17,405,468	2,865,537	16.46	1,838,764	1,026,773
2011	강서구	41,425,528	4,004,108	9.67	2,950,311	1,053,797
2011	구로구	20,121,865	3,186,942	15.84	1,071,374	2,115,568
2011	금천구	13,000,673	2,189,460	16.84	2,175,172	14,288
2011	영등포구	24,566,803	2,189,755	8.91	2,056,683	133,072
2011	동작구	16,352,467	4,567,523	27.93	4,493,144	74,379
2011	관악구	29,568,185	10,973,593	37.11	10,866,469	107,124
2011	서초구	47,003,527	15,822,490	33.66	4,632,457	11,190,033
2011	강남구	39,514,032	5,671,726	14.35	2,416,541	3,255,185
2011	송파구	33,875,723	4,717,795	13.93	4,667,620	50,175
2011	강동구	24,585,041	2,815,222	11.45	2,487,191	328,031
2011	서울대공원	-	9,132,803	-	9,132,803	-
2012	합계	605,177,231	169,125,415	27.95	144,195,633	24,929,783
2012	종로구	23,907,125	11,643,911	48.7	11,479,327	164,584
2012	중구	9,961,047	3,129,780	31.42	3,091,871	37,909
2012	용산구	21,868,778	1,352,723	6.19	1,215,005	137,718
2012	성동구	16,847,657	2,954,998	17.54	2,817,192	137,806
2012	광진구	17,063,533	3,395,585	19.9	3,355,816	39,769
2012	동대문구	14,201,937	1,238,128	8.72	1,119,315	118,813
2012	중랑구	18,496,973	5,242,896	28.34	5,096,216	146,680
2012	성북구	24,571,370	8,391,240	34.15	8,149,755	241,485
2012	강북구	23,596,770	14,336,569	60.76	14,162,081	174,488
2012	도봉구	20,702,253	10,059,131	48.59	10,019,320	39,812
2012	노원구	35,436,698	14,142,418	39.91	13,659,484	482,934
2012	은평구	29,698,481	14,026,096	47.23	10,544,854	3,481,243
2012	서대문구	17,606,580	5,506,908	31.28	5,363,228	143,680
2012	마포구	23,837,765	5,214,143	21.87	4,789,355	424,788
2012	양천구	17,398,383	2,906,057	16.7	1,879,284	1,026,773
2012	강서구	41,426,804	4,004,108	9.67	2,950,311	1,053,797
2012	구로구	20,119,409	3,186,878	15.84	1,262,294	1,924,584
2012	금천구	13,000,821	2,189,460	16.84	2,175,172	14,288
2012	영등포구	24,552,675	2,193,655	8.93	2,060,583	133,072
2012	동작구	16,352,342	4,629,974	28.31	4,562,179	67,795
2012	관악구	29,569,597	10,973,018	37.11	10,865,053	107,965
2012	서초구	47,001,798	15,820,544	33.66	4,651,979	11,168,565
2012	강남구	39,497,607	5,920,459	14.99	2,666,133	3,254,326
2012	송파구	33,875,709	4,718,713	13.93	4,639,836	78,877
2012	강동구	24,585,121	2,815,222	11.45	2,487,191	328,031
2012	서울대공원	-	9,132,803	-	9,132,803	-
2013	합계	605,204,155	170,080,914	28.1	145,874,254	24,206,661
2013	종로구	23,907,209	11,575,356	48.42	11,477,230	98,125
2013	중구	9,960,056	3,128,136	31.41	3,092,342	35,795
2013	용산구	21,868,765	1,795,960	8.21	1,646,495	149,465
2013	성동구	16,853,805	3,061,710	18.17	2,926,622	135,087
2013	광진구	17,062,332	3,395,585	19.9	3,355,816	39,769
2013	동대문구	14,210,791	1,234,480	8.69	1,129,394	105,086
2013	중랑구	18,497,206	5,230,686	28.28	5,152,016	78,670
2013	성북구	24,578,177	8,391,240	34.14	8,149,755	241,485
2013	강북구	23,597,084	14,336,569	60.76	14,162,081	174,488
2013	도봉구	20,702,811	10,059,219	48.59	10,020,765	38,454
2013	노원구	35,435,822	14,163,445	39.97	13,680,511	482,934
2013	은평구	29,702,018	14,031,235	47.24	10,981,994	3,049,241
2013	서대문구	17,607,427	5,136,224	29.17	4,992,544	143,680
2013	마포구	23,837,680	4,808,774	20.17	4,412,223	396,551
2013	양천구	17,403,553	2,906,057	16.7	1,879,284	1,026,773
2013	강서구	41,427,231	4,323,955	10.44	3,270,157	1,053,797
2013	구로구	20,118,739	3,189,424	15.85	1,264,840	1,924,584
2013	금천구	13,016,508	2,189,460	16.82	2,175,172	14,288
2013	영등포구	24,528,725	3,089,653	12.6	2,957,206	132,446
2013	동작구	16,353,871	4,630,492	28.31	4,569,629	60,864
2013	관악구	29,569,671	10,975,519	37.12	10,866,277	109,242
2013	서초구	47,001,798	15,820,544	33.66	4,755,583	11,064,961
2013	강남구	39,500,873	6,207,128	15.71	3,016,547	3,190,581
2013	송파구	33,874,808	4,263,955	12.59	4,185,078	78,877
2013	강동구	24,587,197	3,003,307	12.21	2,621,891	381,416
2013	서울대공원	-	9,132,803	-	9,132,803	-
2014	합계	605,209,947	167,646,904	27.7	145,601,213	22,045,691
2014	종로구	23,912,969	11,575,356	48.41	11,477,230	98,125
2014	중구	9,960,182	3,134,003	31.47	3,096,365	37,638
2014	용산구	21,868,789	1,795,960	8.21	1,646,495	149,465
2014	성동구	16,856,991	3,061,710	18.16	2,930,844	130,865
2014	광진구	17,062,632	3,396,156	19.9	3,356,387	39,769
2014	동대문구	14,210,892	1,279,518	9	1,192,739	86,779
2014	중랑구	18,495,635	5,231,744	28.29	5,153,074	78,670
2014	성북구	24,577,482	8,391,240	34.14	8,149,755	241,485
2014	강북구	23,596,887	14,337,627	60.76	14,163,139	174,488
2014	도봉구	20,701,031	10,069,616	48.64	10,031,499	38,117
2014	노원구	35,435,913	14,163,034	39.97	13,681,809	481,225
2014	은평구	29,702,485	14,024,309	47.22	10,980,294	3,044,015
2014	서대문구	17,605,857	5,136,224	29.17	4,992,544	143,680
2014	마포구	23,835,775	4,404,111	18.48	4,132,868	271,243
2014	양천구	17,403,680	2,906,057	16.7	1,879,284	1,026,773
2014	강서구	41,427,355	4,341,328	10.48	3,270,157	1,071,170
2014	구로구	20,118,904	3,156,155	15.69	1,337,066	1,819,089
2014	금천구	13,019,921	2,189,461	16.82	2,178,883	10,578
2014	영등포구	24,529,480	3,063,563	12.49	2,960,844	102,720
2014	동작구	16,353,888	4,594,775	28.1	4,534,245	60,531
2014	관악구	29,567,356	10,975,919	37.12	10,867,642	108,277
2014	서초구	47,001,856	15,874,534	33.77	4,814,253	11,060,282
2014	강남구	39,501,151	6,207,208	15.71	5,294,529	912,679
2014	송파구	33,876,130	4,254,430	12.56	4,186,737	67,693
2014	강동구	24,586,706	3,412,868	13.88	2,622,534	790,334
2014	서울대공원	-	6,670,000	-	6,670,000	-
2015	합계	605,250,742	167,938,877	27.75	146,216,486	21,722,391
2015	종로구	23,912,895	11,575,356	48.41	11,485,707	89,648
2015	중구	9,960,549	3,132,474	31.45	3,096,392	36,082
2015	용산구	21,866,635	1,796,915	8.22	1,654,320	142,595
2015	성동구	16,860,497	3,067,331	18.19	2,938,764	128,567
2015	광진구	17,063,352	3,396,156	19.9	3,356,387	39,769
2015	동대문구	14,213,441	1,281,104	9.01	1,192,480	88,624
2015	중랑구	18,495,844	5,232,965	28.29	5,154,295	78,670
2015	성북구	24,578,675	8,393,029	34.15	8,153,246	239,783
2015	강북구	23,597,000	14,337,627	60.76	14,163,139	174,488
2015	도봉구	20,710,249	10,069,616	48.62	10,031,499	38,117
2015	노원구	35,435,922	14,163,034	39.97	13,681,809	481,225
2015	은평구	29,703,817	13,999,621	47.13	10,980,221	3,019,400
2015	서대문구	17,606,763	5,136,120	29.17	4,999,196	136,923
2015	마포구	23,844,308	4,505,526	18.9	4,139,633	365,892
2015	양천구	17,403,680	2,906,057	16.7	1,879,284	1,026,773
2015	강서구	41,437,725	4,329,121	10.45	3,665,616	663,504
2015	구로구	20,118,760	3,156,367	15.69	1,337,278	1,819,089
2015	금천구	13,019,732	2,221,074	17.06	2,199,324	21,750
2015	영등포구	24,529,570	3,065,673	12.5	2,962,953	102,720
2015	동작구	16,353,893	4,594,775	28.1	4,534,245	60,531
2015	관악구	29,569,357	10,975,919	37.12	10,867,642	108,277
2015	서초구	47,001,849	15,874,468	33.77	4,814,184	11,060,284
2015	강남구	39,500,681	6,421,972	16.26	5,457,914	964,058
2015	송파구	33,876,207	4,253,899	12.56	4,186,206	67,693
2015	강동구	24,589,341	3,382,681	13.76	2,614,753	767,927
2015	서울대공원	-	6,670,000	-	6,670,000	-
2016	합계	605,196,264	168,203,877	27.79	146,578,663	21,625,215
2016	종로구	23,912,883	11,567,389	48.37	11,485,707	81,681
2016	중구	9,960,930	3,131,968	31.44	3,095,960	36,008
2016	용산구	21,866,544	1,794,117	8.2	1,654,220	139,898
2016	성동구	16,860,100	3,094,975	18.36	2,974,764	120,210
2016	광진구	17,063,230	3,359,232	19.69	3,356,907	2,325
2016	동대문구	14,215,197	1,277,249	8.99	1,192,480	84,769
2016	중랑구	18,495,756	5,211,857	28.18	5,133,187	78,670
2016	성북구	24,578,665	8,393,029	34.15	8,153,246	239,783
2016	강북구	23,596,920	14,337,627	60.76	14,163,139	174,488
2016	도봉구	20,667,909	10,083,758	48.79	10,030,818	52,940
2016	노원구	35,437,921	14,168,875	39.98	13,687,650	481,225
2016	은평구	29,704,588	13,999,621	47.13	10,980,221	3,019,400
2016	서대문구	17,608,732	5,135,311	29.16	5,027,865	107,445
2016	마포구	23,843,621	4,439,259	18.62	4,222,195	217,064
2016	양천구	17,406,820	2,909,845	16.72	1,886,634	1,023,211
2016	강서구	41,436,730	4,329,121	10.45	3,665,616	663,504
2016	구로구	20,118,709	3,157,024	15.69	1,337,937	1,819,087
2016	금천구	13,019,304	2,205,217	16.94	2,203,054	2,163
2016	영등포구	24,529,646	3,095,107	12.62	2,964,503	130,604
2016	동작구	16,354,174	4,585,613	28.04	4,527,830	57,783
2016	관악구	29,568,727	10,975,725	37.12	10,869,888	105,837
2016	서초구	46,982,024	15,874,468	33.79	4,814,184	11,060,284
2016	강남구	39,501,308	6,598,029	16.7	5,666,886	931,143
2016	송파구	33,876,548	4,424,822	13.06	4,186,206	238,617
2016	강동구	24,589,280	3,384,641	13.76	2,627,565	757,075
2016	서울대공원	-	6,670,000	-	6,670,000	-
2017	합계	605,242,807	168,374,591	27.82	146,914,704	21,459,887
2017	종로구	23,912,788	11,569,693	48.38	11,489,270	80,423
2017	중구	9,959,792	3,131,968	31.45	3,095,960	36,008
2017	용산구	21,866,466	1,794,141	8.2	1,659,648	134,492
2017	성동구	16,856,985	3,101,355	18.4	2,982,711	118,644
2017	광진구	17,063,242	3,359,232	19.69	3,356,907	2,325
2017	동대문구	14,215,008	1,275,574	8.97	1,192,480	83,094
2017	중랑구	18,495,350	5,206,491	28.15	5,133,187	73,303
2017	성북구	24,573,192	8,338,101	33.93	8,153,246	184,855
2017	강북구	23,600,563	14,337,627	60.75	14,163,139	174,488
2017	도봉구	20,668,257	10,083,617	48.79	10,030,677	52,940
2017	노원구	35,437,909	14,337,687	40.46	13,856,461	481,225
2017	은평구	29,709,360	13,997,925	47.12	10,978,525	3,019,400
2017	서대문구	17,626,255	5,136,193	29.14	5,039,558	96,635
2017	마포구	23,852,112	4,439,901	18.61	4,325,771	114,130
2017	양천구	17,406,812	2,909,845	16.72	1,886,634	1,023,211
2017	강서구	41,436,826	4,329,258	10.45	3,665,616	663,641
2017	구로구	20,119,954	3,190,603	15.86	1,337,937	1,852,666
2017	금천구	13,020,164	2,206,213	16.94	2,203,054	3,159
2017	영등포구	24,548,177	3,092,598	12.6	2,966,008	126,590
2017	동작구	16,354,213	4,585,691	28.04	4,527,908	57,783
2017	관악구	29,568,849	10,975,725	37.12	10,869,888	105,837
2017	서초구	46,985,554	15,883,168	33.8	4,819,198	11,063,970
2017	강남구	39,501,152	6,591,655	16.69	5,660,512	931,143
2017	송파구	33,874,855	4,445,693	13.12	4,222,843	222,850
2017	강동구	24,588,972	3,384,641	13.76	2,627,565	757,075
2017	서울대공원	-	6,670,000	-	6,670,000	-
2018	합계	605,238,966	168,843,299	27.9	148,135,891	20,707,408
2018	종로구	23,913,318	11,555,792	48.32	11,486,917	68,875
2018	중구	9,959,837	3,131,968	31.45	3,100,980	30,988
2018	용산구	21,866,257	1,795,641	8.21	1,661,148	134,492
2018	성동구	16,859,546	3,102,064	18.4	2,989,204	112,861
2018	광진구	17,063,238	3,363,048	19.71	3,360,413	2,635
2018	동대문구	14,215,222	1,275,850	8.98	1,197,132	78,718
2018	중랑구	18,495,575	5,206,342	28.15	5,135,562	70,780
2018	성북구	24,573,425	8,342,383	33.95	8,167,970	174,413
2018	강북구	23,600,564	14,346,715	60.79	14,165,890	180,825
2018	도봉구	20,667,161	10,075,345	48.75	10,074,284	1,060
2018	노원구	35,438,003	14,337,687	40.46	14,116,961	220,725
2018	은평구	29,708,134	13,997,925	47.12	10,980,666	3,017,259
2018	서대문구	17,624,901	5,136,075	29.14	5,055,982	80,093
2018	마포구	23,851,231	4,439,901	18.61	4,328,633	111,268
2018	양천구	17,406,825	2,909,845	16.72	1,886,634	1,023,211
2018	강서구	41,436,855	4,329,258	10.45	4,225,487	103,770
2018	구로구	20,120,141	3,327,670	16.54	1,431,058	1,896,611
2018	금천구	13,020,303	2,206,213	16.94	2,205,217	996
2018	영등포구	24,548,061	3,091,054	12.59	2,968,952	122,101
2018	동작구	16,354,392	4,585,391	28.04	4,532,729	52,663
2018	관악구	29,568,890	10,977,114	37.12	10,869,888	107,226
2018	서초구	46,982,954	16,036,321	34.13	4,976,039	11,060,282
2018	강남구	39,500,771	6,591,655	16.69	5,660,512	931,143
2018	송파구	33,872,729	4,642,075	13.7	4,274,737	367,338
2018	강동구	24,590,637	3,369,970	13.7	2,612,895	757,075
2018	서울대공원	-	6,670,000	-	6,670,000	-
2019	합계	605,237,002	168,896,780	27.91	148,403,999	20,492,781
2019	종로구	23,913,280	11,556,112	48.33	11,489,786	66,327
2019	중구	9,959,983	3,155,139	31.68	3,124,646	30,494
2019	용산구	21,866,384	1,779,562	8.14	1,664,655	114,907
2019	성동구	16,859,343	3,100,047	18.39	2,994,794	105,253
2019	광진구	17,062,949	3,363,481	19.71	3,360,846	2,635
2019	동대문구	14,215,360	1,275,134	8.97	1,199,585	75,549
2019	중랑구	18,496,071	5,205,284	28.14	5,134,504	70,780
2019	성북구	24,574,349	8,329,401	33.89	8,183,985	145,417
2019	강북구	23,600,102	14,342,272	60.77	14,173,131	169,141
2019	도봉구	20,660,965	10,075,021	48.76	10,073,960	1,060
2019	노원구	35,437,538	14,344,421	40.48	14,124,005	220,415
2019	은평구	29,711,421	13,991,566	47.09	10,992,516	2,999,050
2019	서대문구	17,625,638	5,143,254	29.18	5,064,272	78,981
2019	마포구	23,851,343	4,440,002	18.62	4,334,936	105,067
2019	양천구	17,405,710	2,912,035	16.73	1,891,826	1,020,209
2019	강서구	41,436,853	4,370,320	10.55	4,241,665	128,655
2019	구로구	20,120,106	3,336,138	16.58	1,441,833	1,894,304
2019	금천구	13,020,260	2,206,213	16.94	2,205,217	996
2019	영등포구	24,548,520	3,050,378	12.43	2,975,259	75,119
2019	동작구	16,354,618	4,584,220	28.03	4,531,994	52,225
2019	관악구	29,568,929	10,976,868	37.12	10,874,155	102,713
2019	서초구	46,983,285	16,080,991	34.23	4,979,050	11,101,941
2019	강남구	39,501,013	6,594,334	16.69	5,661,169	933,165
2019	송파구	33,872,729	4,644,814	13.71	4,278,371	366,443
2019	강동구	24,590,256	3,369,773	13.7	2,737,839	631,934
2019	서울대공원	-	6,670,000	-	6,670,000	-