기간	자치구	공원(1인당공원면적)	공원(1인당공원면적)	공원(1인당공원면적)	공원(1인당공원면적)	공원(1인당공원면적)	공원(1인당공원면적)
기간	자치구	공원	공원	도시공원	도시공원	생활권 공원	생활권 공원
기간	자치구	면적	1인당공원면적	면적	1인당도시공원면적	면적	1인당생활권공원면적
2008	서울시	168,151.0	16.1	112,511.0	10.8	56,696.0	5
2008	종로구	10,653.0	61.3	6,243.0	35.9	2,888.0	61.3
2008	중구	1,855.0	14.2	1,834.0	14.1	437	14.2
2008	용산구	2,564.0	10.3	1,938.0	7.8	1,285.0	10.3
2008	성동구	2,955.0	8.7	1,021.0	3	2,949.0	8.7
2008	광진구	3,396.0	8.8	2,946.0	7.6	1,235.0	8.8
2008	동대문구	1,208.0	3.1	983	2.6	1,186.0	3.1
2008	중랑구	5,113.0	11.9	4,935.0	11.4	1,699.0	11.9
2008	성북구	7,716.0	16.2	4,015.0	8.4	1,952.0	16.2
2008	강북구	14,318.0	41.1	1,574.0	4.5	1,639.0	41.1
2008	도봉구	10,499.0	28.1	1,056.0	2.8	1,306.0	28.1
2008	노원구	14,126.0	22.7	13,851.0	22.3	3,035.0	22.7
2008	은평구	15,700.0	33.9	6,154.0	13.3	3,165.0	33.9
2008	서대문구	5,480.0	16.5	4,818.0	14.5	2,026.0	16.5
2008	마포구	4,997.0	12.5	2,134.0	5.3	4,951.0	12.5
2008	양천구	2,858.0	5.6	2,442.0	4.8	1,698.0	5.6
2008	강서구	3,916.0	6.9	3,149.0	5.6	3,915.0	6.9
2008	구로구	3,134.0	7	2,805.0	6.3	1,566.0	7
2008	금천구	2,189.0	8.3	2,030.0	7.7	390	8.3
2008	영등포구	2,152.0	5.3	706	1.7	2,113.0	5.3
2008	동작구	3,970.0	9.6	3,784.0	9.1	1,861.0	9.6
2008	관악구	10,954.0	19.9	10,947.0	19.9	1,319.0	19.9
2008	서초구	15,817.0	38.4	15,022.0	36.5	3,701.0	38.4
2008	강남구	5,674.0	10	4,651.0	8.2	3,413.0	10
2008	송파구	4,686.0	7.1	2,078.0	3.1	4,685.0	7.1
2008	강동구	3,056.0	6.5	2,232.0	4.8	2,283.0	6.5
2008	서울대공원	9,163.0	-	9,163.0	-	-	-
2009	서울시	169,047.0	16.2	113,754.0	10	50,902.0	4.9
2009	종로구	11,464.0	64.6	7,059.0	39.8	3,645.0	20.5
2009	중구	2,517.0	18.3	2,468.0	17.9	836	6.1
2009	용산구	1,395.0	5.6	768	3.1	1,197.0	4.8
2009	성동구	2,869.0	9.1	1,023.0	3.2	2,818.0	8.9
2009	광진구	3,396.0	8.8	2,946.0	7.6	1,231.0	3.2
2009	동대문구	1,280.0	3.4	1,034.0	2.8	1,149.0	3.1
2009	중랑구	5,206.0	12.1	5,027.0	11.7	1,660.0	3.9
2009	성북구	8,115.0	16.8	4,419.0	9.1	2,130.0	4.4
2009	강북구	14,349.0	41.7	1,574.0	4.6	1,474.0	4.3
2009	도봉구	10,453.0	28.1	1,056.0	2.8	1,252.0	3.4
2009	노원구	14,126.0	23	13,851.0	22.5	2,567.0	4.2
2009	은평구	15,720.0	33.4	6,186.0	13.1	786	1.7
2009	서대문구	5,564.0	16.5	4,885.0	14.5	1,971.0	5.9
2009	마포구	5,050.0	12.9	2,198.0	5.6	4,621.0	11.8
2009	양천구	2,858.0	5.6	2,443.0	4.8	1,831.0	3.6
2009	강서구	4,024.0	7	3,257.0	5.6	2,970.0	5.1
2009	구로구	3,134.0	7	2,805.0	6.2	1,053.0	2.3
2009	금천구	2,189.0	8.3	2,030.0	7.7	376	1.4
2009	영등포구	2,176.0	4.9	726	1.6	2,052.0	4.6
2009	동작구	4,106.0	10.1	3,920.0	9.6	3,089.0	7.6
2009	관악구	10,954.0	20	10,947.0	20	1,280.0	2.3
2009	서초구	15,816.0	36.7	15,021.0	34.8	2,094.0	4.9
2009	강남구	5,672.0	10	4,649.0	8.2	2,599.0	4.6
2009	송파구	4,688.0	6.8	2,078.0	3	4,517.0	6.6
2009	강동구	2,793.0	5.7	2,251.0	4.6	1,701.0	3.5
2009	서울대공원	9,133.0	-	9,133.0	-	-	-
2010	서울시	169,792.3	16.1	114,473.9	10.8	51,065.6	4.8
2010	종로구	10,900.9	60.8	6,448.1	36	3,039.6	16.9
2010	중구	3,125.3	22.1	3,076.5	21.8	1,441.1	10.2
2010	용산구	1,350.2	5.3	770.6	3	1,197.4	4.7
2010	성동구	2,869.5	9.1	1,026.9	3.2	2,815.4	8.9
2010	광진구	3,396.1	8.7	2,950.0	7.6	1,233.8	3.2
2010	동대문구	1,237.8	3.3	993.7	2.6	1,116.1	2.9
2010	중랑구	5,206.9	12	5,026.4	11.6	1,687.0	3.9
2010	성북구	8,163.7	16.4	4,462.3	9	2,182.3	4.4
2010	강북구	14,336.4	41	1,574.4	4.5	1,474.5	4.2
2010	도봉구	10,500.3	28.3	1,098.7	3	1,311.5	3.5
2010	노원구	14,125.8	23	13,851.0	22.5	2,576.9	4.2
2010	은평구	15,855.6	32.2	6,300.4	12.8	800.6	1.6
2010	서대문구	5,569.8	16.7	4,893.6	14.7	1,970.5	5.9
2010	마포구	5,082.2	12.7	2,209.2	5.5	4,686.2	11.7
2010	양천구	2,865.5	5.7	2,443.0	4.8	1,838.8	3.6
2010	강서구	4,004.1	6.9	3,236.8	5.6	2,950.3	5.1
2010	구로구	3,169.9	7	2,848.4	6.3	1,071.4	2.4
2010	금천구	2,189.5	8.3	2,030.3	7.7	376.2	1.4
2010	영등포구	2,184.4	4.9	739.3	1.7	2,058.4	4.6
2010	동작구	4,565.3	11	4,375.9	10.6	3,092.9	7.5
2010	관악구	10,964.9	19.9	10,958.2	19.9	1,280.4	2.3
2010	서초구	15,822.5	36	15,027.5	34.2	2,100.2	4.8
2010	강남구	5,671.7	9.8	4,648.7	8.1	2,416.5	4.2
2010	송파구	4,685.8	6.8	2,078.1	3	4,516.5	6.5
2010	강동구	2,815.2	5.7	2,273.0	4.6	1,830.8	3.7
2010	서울대공원	9,132.8	-	9,132.8	-	-	-
2011	서울시	170,002.5	16.1	114,728.8	10.9	51,181.0	4.9
2011	종로구	10,898.6	61.4	6,444.7	36.3	3,036.2	17.1
2011	중구	3,129.7	22.1	3,080.2	21.8	1,441.7	10.2
2011	용산구	1,352.7	5.2	770.6	3	1,212.4	4.7
2011	성동구	2,955.2	9.6	1,113.3	3.6	2,810.2	9.1
2011	광진구	3,395.6	8.8	2,950.0	7.6	1,233.8	3.2
2011	동대문구	1,237.1	3.3	994.4	2.6	1,120.7	3
2011	중랑구	5,242.9	12.2	5,062.4	11.8	1,686.8	3.9
2011	성북구	8,166.7	16.5	4,465.3	9	2,185.6	4.4
2011	강북구	14,338.8	41.1	1,576.7	4.5	1,479.3	4.2
2011	도봉구	10,505.1	28.6	1,150.4	3.1	1,260.2	3.4
2011	노원구	14,125.8	23.2	13,851.0	22.8	2,576.9	4.2
2011	은평구	15,855.6	31.8	6,300.4	12.6	800.6	1.6
2011	서대문구	5,579.5	17.2	4,902.9	15.1	1,973.2	6.1
2011	마포구	5,082.2	12.7	2,209.2	5.5	4,686.2	11.8
2011	양천구	2,865.5	5.7	2,443.0	4.8	1,838.8	3.6
2011	강서구	4,004.1	7	3,236.8	5.6	2,950.3	5.1
2011	구로구	3,186.9	6.9	2,865.4	6.2	1,071.4	2.3
2011	금천구	2,189.5	8.3	2,030.3	7.7	376.2	1.4
2011	영등포구	2,189.8	5	744.7	1.7	2,056.7	4.7
2011	동작구	4,567.5	11	4,378.2	10.6	3,089.1	7.5
2011	관악구	10,973.6	20.1	10,966.9	20.1	1,279.3	2.3
2011	서초구	15,822.5	36	15,027.5	34.2	2,100.2	4.8
2011	강남구	5,671.7	9.9	4,648.7	8.1	2,416.5	4.2
2011	송파구	4,717.8	6.8	2,110.0	3.1	4,667.6	6.8
2011	강동구	2,815.2	5.6	2,273.0	4.5	1,830.8	3.7
2011	서울대공원	9,132.8	-	9,132.8	-	-	-
2012	서울시	169,125.4	16.2	115,938.5	11.1	52,489.0	5
2012	종로구	11,643.9	67.2	6,520.0	37.7	3,044.9	17.6
2012	중구	3,129.8	22.2	3,080.2	21.9	1,447.5	10.3
2012	용산구	1,352.7	5.3	770.6	3	1,212.4	4.7
2012	성동구	2,955.0	9.6	1,113.3	3.6	2,818.1	9.2
2012	광진구	3,395.6	8.8	2,950.0	7.7	1,233.8	3.2
2012	동대문구	1,238.1	3.3	995.5	2.6	1,120.7	3
2012	중랑구	5,242.9	12.4	5,062.4	11.9	1,686.8	4
2012	성북구	8,391.2	17.1	4,468.8	9.1	2,191.7	4.5
2012	강북구	14,336.6	41.4	2,279.2	6.6	2,147.6	6.2
2012	도봉구	10,059.1	27.6	1,150.4	3.2	1,260.2	3.5
2012	노원구	14,142.4	23.5	13,847.4	23	2,576.9	4.3
2012	은평구	14,026.1	27.7	6,249.5	12.4	818.3	1.6
2012	서대문구	5,506.9	17	4,901.3	15.1	1,973.2	6.1
2012	마포구	5,214.1	13.2	2,341.1	5.9	4,776.1	12.1
2012	양천구	2,906.1	5.8	2,483.5	5	1,879.3	3.8
2012	강서구	4,004.1	7	3,236.8	5.6	2,950.3	5.1
2012	구로구	3,186.9	7	2,865.4	6.3	1,262.4	2.8
2012	금천구	2,189.5	8.4	2,030.3	7.8	376.2	1.4
2012	영등포구	2,193.7	5.1	748.6	1.8	2,060.6	4.8
2012	동작구	4,630.0	11.1	4,438.1	10.7	3,117.4	7.5
2012	관악구	10,973.0	20.3	10,966.3	20.3	1,277.9	2.4
2012	서초구	15,820.5	36	15,025.6	34.1	2,119.8	4.8
2012	강남구	5,920.5	10.4	4,897.4	8.6	2,666.1	4.7
2012	송파구	4,718.7	6.9	2,111.0	3.1	4,639.8	6.8
2012	강동구	2,815.2	5.7	2,273.0	4.6	1,830.8	3.7
2012	서울대공원	9,132.8	-	9,132.8	-	-	-
2013	서울시	170,080.9	16.4	115,747.3	11.1	54,193.4	5.2
2013	종로구	11,575.4	69	6,450.5	38.4	3,043.9	18.1
2013	중구	3,128.1	22.7	3,078.5	22.3	1,450.1	10.5
2013	용산구	1,796.0	7.1	783.3	3.1	1,646.5	6.5
2013	성동구	3,061.7	10	1,220.1	4	2,926.6	9.5
2013	광진구	3,395.6	8.9	2,950.0	7.7	1,233.3	3.2
2013	동대문구	1,234.5	3.3	992.4	2.6	1,129.4	3
2013	중랑구	5,230.7	12.4	5,049.4	12.1	1,742.6	4.1
2013	성북구	8,391.2	17.3	4,468.8	9.2	2,191.7	4.5
2013	강북구	14,336.6	41.9	2,279.2	6.7	2,145.0	6.3
2013	도봉구	10,059.2	27.9	1,150.3	3.2	1,266.3	3.5
2013	노원구	14,163.5	23.8	13,851.7	23.3	2,618.1	4.4
2013	은평구	14,031.2	27.6	6,254.6	12.3	1,255.2	2.5
2013	서대문구	5,136.2	15.9	4,901.3	15.1	1,601.0	4.9
2013	마포구	4,808.8	12.3	2,347.5	6	4,399.0	11.2
2013	양천구	2,906.1	5.9	2,483.5	5	1,879.3	3.8
2013	강서구	4,324.0	7.5	3,240.6	5.6	3,270.2	5.7
2013	구로구	3,189.4	7.1	2,868.0	6.3	1,264.8	2.8
2013	금천구	2,189.5	8.5	2,030.3	7.9	376.2	1.5
2013	영등포구	3,089.7	7.3	744.9	1.8	2,957.2	7
2013	동작구	4,630.5	11	4,439.1	10.5	3,127.4	7.4
2013	관악구	10,975.5	20.5	10,968.8	20.5	1,279.1	2.4
2013	서초구	15,820.5	35.4	15,025.6	33.6	2,223.4	5
2013	강남구	6,207.1	10.9	4,916.6	8.6	3,016.5	5.3
2013	송파구	4,264.0	6.3	1,658.3	2.5	4,185.1	6.2
2013	강동구	3,003.3	6.2	2,461.1	5	1,965.5	4
2013	서울대공원	9,132.8	-	9,132.8	-	-	-
2014	서울시	167,646.9	16.2	114,438.1	11	54,322.8	5.2
2014	종로구	11,575.4	70	6,450.5	39	3,043.9	18.4
2014	중구	3,134.0	23	3,084.4	22.6	1,454.1	10.7
2014	용산구	1,796.0	7.2	783.3	3.1	1,646.5	6.6
2014	성동구	3,061.7	10.1	1,220.1	4	2,928.3	9.6
2014	광진구	3,396.2	9	2,950.0	7.8	1,233.9	3.3
2014	동대문구	1,279.5	3.4	1,037.4	2.8	1,192.7	3.2
2014	중랑구	5,231.7	12.4	5,050.4	11.9	1,743.7	4.1
2014	성북구	8,391.2	17.6	4,468.8	9.4	2,191.7	4.6
2014	강북구	14,337.6	42.4	2,280.2	6.7	2,145.1	6.3
2014	도봉구	10,069.6	28.3	1,151.2	3.2	1,277.0	3.6
2014	노원구	14,163.0	24.2	13,850.0	23.6	2,619.4	4.5
2014	은평구	14,024.3	27.9	6,254.6	12.4	1,253.5	2.5
2014	서대문구	5,136.2	16	4,901.3	15.3	1,601.0	5
2014	마포구	4,404.1	11.1	3,080.4	7.8	4,119.6	10.4
2014	양천구	2,906.1	5.9	2,483.5	5.1	1,879.3	3.8
2014	강서구	4,341.3	7.3	3,257.9	5.5	3,270.2	5.5
2014	구로구	3,156.2	6.9	2,834.9	6.2	1,337.1	2.9
2014	금천구	2,189.5	8.5	2,030.3	7.9	379.9	1.5
2014	영등포구	3,063.6	7.3	718.6	1.7	2,960.8	7
2014	동작구	4,594.8	11	4,402.4	10.5	3,130.2	7.5
2014	관악구	10,975.9	20.6	10,969.2	20.6	1,280.5	2.4
2014	서초구	15,874.5	34.9	15,072.3	33.2	2,282.0	5
2014	강남구	6,207.2	10.6	4,916.7	8.4	3,199.5	5.5
2014	송파구	4,254.4	6.3	1,648.8	2.5	4,186.7	6.2
2014	강동구	3,412.9	7.1	2,870.6	6	1,966.2	4.1
2014	서울대공원	6,670.0	-	6,670.0	-	-	-
2015	서울시	167,938.9	16.3	114,720.8	11.1	54,935.7	5.3
2015	종로구	11,575.4	70.7	6,450.5	39.4	3,052.4	18.6
2015	중구	3,132.5	23.3	3,082.9	23	1,454.1	10.8
2015	용산구	1,796.9	7.2	784.4	3.2	1,654.3	6.7
2015	성동구	3,067.3	10.1	1,226.0	4	2,933.8	9.6
2015	광진구	3,396.2	9.1	2,950.0	7.9	1,233.9	3.3
2015	동대문구	1,281.1	3.4	1,039.0	2.8	1,192.5	3.2
2015	중랑구	5,233.0	12.5	5,051.7	12.1	1,744.9	4.2
2015	성북구	8,393.0	17.9	4,470.6	9.5	2,195.2	4.7
2015	강북구	14,337.6	42.9	2,280.2	6.8	2,145.1	6.4
2015	도봉구	10,069.6	28.5	1,151.2	3.3	1,277.0	3.6
2015	노원구	14,163.0	24.5	13,850.0	24	2,619.5	4.5
2015	은평구	13,999.6	27.9	6,230.0	12.4	1,253.5	2.5
2015	서대문구	5,136.1	15.9	4,901.2	15.2	1,607.6	5
2015	마포구	4,505.5	11.3	3,180.7	8	4,126.4	10.4
2015	양천구	2,906.1	5.9	2,483.5	5.1	1,879.3	3.8
2015	강서구	4,329.1	7.3	3,244.7	5.4	3,665.6	6.2
2015	구로구	3,156.4	6.9	2,835.1	6.2	1,337.3	2.9
2015	금천구	2,221.1	8.7	2,057.1	8	400.3	1.6
2015	영등포구	3,065.7	7.3	720.7	1.7	2,963.0	7.1
2015	동작구	4,594.8	11.1	4,402.4	10.7	3,130.2	7.6
2015	관악구	10,975.9	20.7	10,969.2	20.7	1,280.5	2.4
2015	서초구	15,874.5	35.2	15,071.1	33.4	2,282.0	5.1
2015	강남구	6,422.0	11	5,132.3	8.8	3,362.8	5.8
2015	송파구	4,253.9	6.4	1,645.9	2.5	4,186.2	6.3
2015	강동구	3,382.7	7.3	2,840.4	6.1	1,958.4	4.2
2015	서울대공원	6,670.0	-	6,670.0	-	-	-
2016	서울시	168,203.9	16.5	114,989.5	11.3	55,294.0	5.4
2016	종로구	11,567.4	71.4	6,442.5	39.8	3,052.4	18.9
2016	중구	3,132.0	23.3	3,082.4	22.9	1,453.7	10.8
2016	용산구	1,794.1	7.3	781.7	3.2	1,654.2	6.7
2016	성동구	3,095.0	10.1	1,253.6	4.1	2,966.0	9.7
2016	광진구	3,359.2	9	2,913.1	7.8	1,234.4	3.3
2016	동대문구	1,277.2	3.4	1,035.1	2.8	1,192.5	3.2
2016	중랑구	5,211.9	12.5	5,029.2	12.1	1,723.8	4.1
2016	성북구	8,393.0	18.2	4,470.6	9.7	2,195.2	4.8
2016	강북구	14,337.6	43.4	2,280.2	6.9	2,145.1	6.5
2016	도봉구	10,083.8	28.8	1,166.0	3.3	1,276.3	3.6
2016	노원구	14,168.9	24.8	13,852.1	24.3	2,625.3	4.6
2016	은평구	13,999.6	28.2	6,229.9	12.6	1,253.5	2.5
2016	서대문구	5,135.3	15.8	4,900.4	15	1,636.3	5
2016	마포구	4,439.3	11.4	3,126.1	8	4,209.0	10.8
2016	양천구	2,909.8	6	2,487.3	5.2	1,886.6	3.9
2016	강서구	4,329.1	7.2	3,244.7	5.4	3,665.6	6.1
2016	구로구	3,157.0	7	2,835.1	6.3	1,337.9	3
2016	금천구	2,205.2	8.7	2,041.2	8	404.1	1.6
2016	영등포구	3,095.1	7.6	748.6	1.8	2,964.5	7.3
2016	동작구	4,585.6	11.1	4,391.6	10.6	3,123.8	7.6
2016	관악구	10,975.7	20.9	10,969.2	20.9	1,282.7	2.4
2016	서초구	15,874.5	35.2	15,071.1	33.4	2,282.0	5.1
2016	강남구	6,598.0	11.5	5,308.4	9.3	3,571.8	6.2
2016	송파구	4,424.8	6.7	1,816.8	2.7	4,186.2	6.3
2016	강동구	3,384.6	7.3	2,842.4	6.1	1,971.2	4.3
2016	서울대공원	6,670.0	-	6,670.0	-	-	-
2017	서울시	168,374.6	16.6	114,990.9	11.4	55,627.6	5.5
2017	종로구	11,569.7	70.4	6,448.6	39.3	3,055.9	18.6
2017	중구	3,132.0	23.3	3,082.4	22.9	1,453.7	10.8
2017	용산구	1,794.1	7.3	781.7	3.2	1,657.2	6.8
2017	성동구	3,101.4	9.9	1,260.0	4	2,973.9	9.5
2017	광진구	3,359.2	9	2,913.1	7.8	1,234.4	3.3
2017	동대문구	1,275.6	3.5	1,033.5	2.8	1,192.5	3.3
2017	중랑구	5,206.5	12.6	5,023.8	12.2	1,723.8	4.2
2017	성북구	8,338.1	18.3	4,415.7	9.7	2,195.2	4.8
2017	강북구	14,337.6	43.7	2,280.2	7	2,145.1	6.5
2017	도봉구	10,083.6	29.1	1,165.9	3.4	1,276.2	3.7
2017	노원구	14,337.7	25.7	13,850.2	24.8	2,794.1	5
2017	은평구	13,997.9	28.5	6,228.9	12.7	1,251.8	2.6
2017	서대문구	5,136.2	15.8	4,898.2	15.1	1,648.0	5.1
2017	마포구	4,439.9	11.5	3,126.8	8.1	4,312.6	11.2
2017	양천구	2,909.9	6.1	2,487.3	5.2	1,886.6	4
2017	강서구	4,329.3	7.1	3,244.9	5.3	3,665.6	6
2017	구로구	3,190.6	7.2	2,868.7	6.5	1,337.9	3
2017	금천구	2,206.2	8.7	2,042.2	8.1	404.1	1.6
2017	영등포구	3,092.6	7.7	746.1	1.9	2,966.0	7.4
2017	동작구	4,585.7	11.2	4,391.7	10.8	3,123.9	7.7
2017	관악구	10,975.7	21.1	10,969.2	21.1	1,282.7	2.5
2017	서초구	15,883.2	35.7	15,079.8	33.9	2,287.0	5.1
2017	강남구	6,591.7	11.8	5,302.0	9.5	3,565.4	6.4
2017	송파구	4,445.7	6.6	1,837.7	2.7	4,222.8	6.3
2017	강동구	3,384.6	7.7	2,842.4	6.5	1,971.2	4.5
2017	서울대공원	6,670.0	-	6,670.0	-	-	-
2018	서울시	168,843.3	16.8	115,463.6	11.5	56,848.8	5.7
2018	종로구	11,555.8	70.9	6,432.5	39.5	3,053.6	18.7
2018	중구	3,132.0	23.1	3,082.4	22.7	1,458.7	10.8
2018	용산구	1,795.6	7.3	781.7	3.2	1,658.7	6.8
2018	성동구	3,102.1	9.8	1,260.7	4	2,980.4	9.4
2018	광진구	3,363.0	9.1	2,916.4	7.9	1,237.9	3.3
2018	동대문구	1,275.8	3.5	1,033.7	2.8	1,197.1	3.3
2018	중랑구	5,206.3	12.8	5,023.7	12.3	1,726.2	4.2
2018	성북구	8,342.4	18.6	4,420.0	9.9	2,209.9	4.9
2018	강북구	14,346.7	44.4	2,291.8	7.1	2,147.8	6.7
2018	도봉구	10,075.3	29.5	1,163.8	3.4	1,319.8	3.9
2018	노원구	14,337.7	26.2	13,850.2	25.3	3,054.6	5.6
2018	은평구	13,997.9	28.7	6,228.9	12.8	1,253.9	2.6
2018	서대문구	5,136.1	15.9	4,898.2	15.2	1,664.4	5.2
2018	마포구	4,439.9	11.5	3,126.7	8.1	4,315.4	11.2
2018	양천구	2,909.8	6.2	2,487.3	5.3	1,886.6	4
2018	강서구	4,329.3	7.2	3,244.9	5.4	4,225.5	7
2018	구로구	3,327.7	7.6	3,005.9	6.9	1,431.1	3.3
2018	금천구	2,206.2	8.7	2,042.2	8	406.2	1.6
2018	영등포구	3,091.1	7.7	746.1	1.8	2,969.0	7.4
2018	동작구	4,585.4	11.2	4,391.3	10.7	3,128.7	7.6
2018	관악구	10,977.1	21.1	10,970.6	21.1	1,282.7	2.5
2018	서초구	16,036.3	36.6	15,230.5	34.8	2,443.8	5.6
2018	강남구	6,591.7	12	5,302.0	9.7	3,565.4	6.5
2018	송파구	4,642.1	6.9	2,034.2	3	4,274.7	6.3
2018	강동구	3,370.0	7.8	2,827.7	6.5	1,956.6	4.5
2018	서울대공원	6,670.0	-	6,670.0	-	-	-
2019	서울시	168,896.8	16.9	115,481.0	11.5	57,113.6	5.7
2019	종로구	11,556.1	71.4	6,433.0	39.7	3,056.4	18.9
2019	중구	3,155.1	23.1	3,082.7	22.6	1,482.4	10.9
2019	용산구	1,779.6	7.3	763.1	3.1	1,661.2	6.8
2019	성동구	3,100.0	10	1,257.1	4.1	2,986.0	9.7
2019	광진구	3,363.5	9.2	2,916.4	7.9	1,238.3	3.4
2019	동대문구	1,275.1	3.5	1,033.0	2.8	1,199.6	3.3
2019	중랑구	5,205.3	12.9	5,022.6	12.5	1,725.1	4.3
2019	성북구	8,329.4	18.3	4,407.0	9.7	2,225.9	4.9
2019	강북구	14,342.3	45.1	2,287.4	7.2	2,155.1	6.8
2019	도봉구	10,075.0	30	1,163.5	3.5	1,319.8	3.9
2019	노원구	14,344.4	26.7	13,848.1	25.8	3,061.6	5.7
2019	은평구	13,991.6	28.9	6,223.4	12.8	1,265.8	2.6
2019	서대문구	5,143.3	15.9	4,904.8	15.2	1,672.7	5.2
2019	마포구	4,440.0	11.5	3,126.9	8.1	4,321.7	11.2
2019	양천구	2,912.0	6.3	2,489.5	5.4	1,891.8	4.1
2019	강서구	4,370.3	7.3	3,285.9	5.5	4,239.0	7.1
2019	구로구	3,336.1	7.6	3,014.4	6.9	1,441.8	3.3
2019	금천구	2,206.2	8.8	2,042.2	8.1	406.2	1.6
2019	영등포구	3,050.4	7.6	705.6	1.8	2,975.3	7.4
2019	동작구	4,584.2	11.2	4,390.2	10.7	3,128.0	7.6
2019	관악구	10,976.9	21.2	10,970.4	21.2	1,287.0	2.5
2019	서초구	16,081.0	37	15,274.2	35.1	2,446.8	5.6
2019	강남구	6,594.3	12	5,304.7	9.6	3,566.1	6.5
2019	송파구	4,644.8	6.8	2,037.6	3	4,278.4	6.3
2019	강동구	3,369.8	7.7	2,827.5	6.4	2,081.5	4.7
2019	서울대공원	6,670.0	-	6,670.0	-	-	-